rain =[

    0.6851
    1.1296
    0.2037
    0.5740
    1.7592
    4.6296
    8.2036
    2.9444
    3.1111
    2.8703
    0.2407
    0.3333
    0.0741
         0
         0
         0
         0
         0
         0
    1.7037
    1.9074
    1.9259
    0.4259
    0.9629];