rain =[
0.2222
    0.1481
    0.2222
    0.2963
    0.3703
    0.5185
    0.7407
    0.5185
    0.3703
    0.3703
    0.4444
    0.2222
    0.2222
    0.2222
    0.1481
         0
         0
    0.1481
    0.1481
         0
         0
    0.0741
    0.1481
    0.1481
    0.1481
    0.1481
         0
         0
         0
         0
         0
         0
         0
         0
         0
         0
         0
         0
         0
         0   
];