rainmix =[
0.2222
0.2222
0.2222
0
0.2222
0.2222
0.2222
0.2222
0.2222
0.4444
0.2222
0.2222
0.4444
0.2222
0.4444
0.2222
0.6666
0.6666
0.8888
0.8888
0.4444
0.4444
0.6666
0.4444
0.4444
0.2222
0.4444
0.2222
0.4444
0.4444
0.4444
0.4444
0.4444
0.2222
0.2222
0.2222
0.2222
0.2222
0.2222
0.2222
0.2222
0.2222
0.2222
0.2222
0
0
0
0
0
0
0
0
0.2222
0.2222
0.2222
0.2222
0
0
0
0
0
0
0
0
0
0.2222
0.2222
0.2222
0
0
0.2222
0.2222
0.2222
0
0.2222
0.2222
0.2222
0
0
0
0
0
0
0
0
0
0
0
0
0
0
0
0
0
0
0
0
0
0
0
0
0
0
0
0
0
0
0
0
0
0
0
0
0
0
0

];

measured =[
    0
0
0
0
0
0
0
0.0371
0.0432
0.0466
0.0165
0.064
0.082
0.1084
0.139
0.1488
0.1704
0.2076
0.2489
0.2789
0.3319
0.3812
0.4498
0.4815
0.5017
0.5025
0.5144
0.5073
0.4938
0.4888
0.4351
0.4268
0.4222
0.4351
0.4273
0.4149
0.4046
0.3725
0.3676
0.3455
0.323
0.2947
0.2686
0.2505
0.2355
0.2326
0.2101
0.2036
0.1976
0.1869
0.1658
0.1486
0.1348
0.1228
0.1135
0.0993
0.0994
0.096
0.0869
0.0808
0.0747
0.0686
0.0698
0.0687
0.0654
0.0624
0.0556
0.0629
0.0652
0.0769
0.0701
0.0735
0.081
0.0817
0.0936
0.092
0.1044
0.1073
0.1127
0.1119
0.1124
0.1127
0.1014
0.1045
0.1005
0.0891
0.0853
0.0781
0.0709
0.0736
0.0658
0.0641
0.0603
0.0659
0.0656
0.0579
0.0519
0.0534
0.0467
0.0487
0.0483
0.0484
0.0473
0.043
0.0429
0.0405
0.0408
0.0402
0.0389
0.0427
0.0447
0.0475
0.0435
0.044
0.0405
0.0358
];

model =[
0
0
0
0
0
0
0
0
0
0
0.0006
0.0061
0.0276
0.0583
0.0942
0.1323
0.19
0.2928
0.4203
0.5691
0.6335
0.6197
0.6414
0.6584
0.6387
0.5917
0.5562
0.5291
0.5082
0.5216
0.5323
0.5408
0.5476
0.5225
0.4737
0.4364
0.4074
0.3846
0.3665
0.3519
0.3402
0.3307
0.3229
0.3166
0.2873
0.2413
0.2052
0.1764
0.153
0.1338
0.1179
0.1046
0.0933
0.0836
0.0754
0.0682
0.062
0.0565
0.0517
0.0475
0.0437
0.0404
0.0374
0.0347
0.0322
0.03
0.0281
0.0262
0.0246
0.0231
0.0217
0.0204
0.0193
0.0182
0.0172
0.0163
0.0155
0.0147
0.0139
0.0133
0.0126
0.012
0.0115
0.011
0.0105
0.01
0.0096
0.0092
0.0088
0.0084
0.0081
0.0078
0.0075
0.0072
0.0069
0.0067
0.0064
0.0062
0.006
0.0058
0.0056
0.0054
0.0052
0.005
0.0049
0.0047
0.0046
0.0044
0.0043
0.0041
0.004
0.0039
0.0038
0.0037
0.0036
0.0035
];


