rain =[
   1.0664
    1.0664
    0.4522
    1.3961
    1.3961
    1.3961
    0.2428
    0.2428
    0.3644
    0.3644
    0.3644
    0.3644
    0.3644
    0.3644
    0.3644
    0.3644
    0.3644
    0.3644
         0
    1.6011
    1.6011
    7.5794
    5.1969
    5.1969
    2.0128
    2.0128
    2.0128
    2.8431
    1.1917
    1.1917
    4.8025
    4.8025
    4.3103
    4.3103
    2.0131
    0.4522
    0.4522
    3.2083
    3.2083
    9.2794
    9.9064
    9.9064
    8.4033
    8.4033
    5.2508
    5.2508
    5.2508
    7.5794
    8.3497
    8.3497
    9.4464
    9.4464
   25.2858
    3.5747
    3.5747
    3.1678
    3.1678
    3.1678
    1.5553
    1.5553
         0
         0
         0
    0.9208
    0.9208
    0.9208
    0.9208
         0
         0
    2.1164
    2.1164
    2.4792
    2.4792
    1.6831
    1.6831
    1.6831
    0.9208
    0.9208
    2.0131
    2.0131
    1.5553
   10.5847
    3.4933
    3.4933
    3.4933
    4.0156
    2.1164
    2.1164
    3.1678
    3.1678
    0.7861
    0.7861
    4.3103
    3.2608
    3.2608
    2.5194
    2.5194
    6.9819
    6.9819
    5.7903
    0.6856
    0.6856
    0.6856
    0.6856
         0
         0
         0
         0
         0
         0
         0
         0
         0
         0
         0
         0
         0
         0
      ];