rain =[

         0
    0.2222
    0.6666
    0.8888
    0.6666
    0.4444
    0.6666
    0.6666
    0.8888
    1.1111
    0.8888
    1.1111
    1.7777
    1.7777
    2.4444
    2.6666
    2.2222
    2.2222
    0.2222
         0
         0
         0
         0
    0.2222
    0.2222
    0.2222
         0
         0
         0
    0.6666
    0.6666
    0.6666
         0
         0
         0
         0
         0
         0
    0.2222
    0.4444
    0.4444
    0.2222
    0.2222
    0.2222
    0.4444
    1.1111
    1.3333
    2.2222
    2.2222
    1.7777
    0.8888
         0
         0
    0.2222
    0.8888
    1.9999
    3.1111
    3.5555
    3.3333
    3.1111
    2.2222
    4.2222
    5.3333
    8.6666
    9.7777
    7.3333
    5.3333
    3.5555
    2.2222
    2.4444
    2.2222
    2.2222
    1.7777
         0
    1.7777
    4.0000
    7.7777
   16.4444
   17.7777
   20.8888
   11.7777
    7.5555
    4.4444
    4.2222
    6.4444
    6.8888
    7.9999
    5.7777
    2.6666
    1.7777
    1.1111
    1.3333
    0.6666
    0.2222
    0.2222
    0.2222
    0.2222
         0
         0
    1.3333
    1.9999
    1.9999
    1.1111
    2.8888
    5.1111
    8.4444
    7.7777
    6.4444
    3.5555
    1.5555
    5.1111
    6.8888
    7.7777
    4.6666
    1.5555
    0.6666
    0.6666
    0.6666
    0.6666
    0.6666
    0.4444
    0.2222
    0.2222
    0.4444
    0.4444
    0.4444
    0.2222
    0.2222
    0.2222
         0
         0
         0
         0
         0
         0
         0
         0
    0.2222
    0.6666
    0.8888
    0.8888
    0.4444
    0.6666
    0.2222
    0.4444
    0.2222
    0.2222
         0
         0
         0
         0
         0
         0
         0
         0
         0
         0
         0
         0
         0
         0
         0
         0
         0
         0
         0
         0
         0
         0
         0
         0
         0
         0
         0
         0
         0
         0
         0
         0
         0
         0
         0
         0
         0
         0
         0
         0
         0
         0
         0
         0
         0
         0
         0
         0
         0
         0
         0
         0
         0
         0
         0
         0
         0
         0
         0
         0
         0
         0
         0
         0
         0
         0
         0
         0
         0
         0
         0
         0
         0
         0
         0
         0
         0
         0
         0
         0
         0
         0
         0
         0
         0
         0
         0
         0
    1.3333
    2.6666
    5.7777
    5.5555
    5.1111
    1.7777
    1.7777
    1.3333
    1.1111
    0.4444
    0.2222
    0.4444
    1.5555
    2.2222
    3.3333
    4.4444
    4.2222
    3.9999
    3.1111
    3.5555
    4.2222
    3.7777
    2.4444
    1.3333
    0.2222
    0.2222
    0.2222
         0
         0
         0
         0
         0
         0
         0
    0.2222
    0.4444
    0.6666
    0.8888
    1.1111
    0.8888
    0.8888
    0.8888
    0.4444
    0.6666
    0.4444
    1.9999
    2.4444
    2.6666
    1.3333
    0.4444
    0.2222
         0
         0
];