

brewery_disturbance=zeros(1,43200);

brewery_disturbance(1:2160)=0;
brewery_disturbance(2161:2448)=135;
brewery_disturbance(2449:2796)=200;
brewery_disturbance(2796:3027)=190;
brewery_disturbance(3028:3315)=186;
brewery_disturbance(3316:3924)=113;
brewery_disturbance(3925:5403)=0;
brewery_disturbance(5404:5759)=55;
brewery_disturbance(5760:6623)=170;
brewery_disturbance(6624:7416)=0;
brewery_disturbance(7417:7707)=7;
brewery_disturbance(7708:7992)=170;
brewery_disturbance(7993:8280)=126;
brewery_disturbance(8281:9756)=0;
brewery_disturbance(9757:10263)=55;
brewery_disturbance(10264:10659)=205;
brewery_disturbance(10660:12672)=190;
brewery_disturbance(12673:12995)=143;
brewery_disturbance(12996:13575)=110;
brewery_disturbance(13576:16235)=0;
brewery_disturbance(16236:16524)=130
brewery_disturbance(16525:17424)=180;
brewery_disturbance(17425:17712)=176;
brewery_disturbance(17713:18288)=110;
brewery_disturbance(18289:18578)=72;
brewery_disturbance(18579:20555)=0;
brewery_disturbance(20556:20846)=32;
brewery_disturbance(20847:21635)=177;
brewery_disturbance(21636:22215)=185;
brewery_disturbance(22216:22503)=128;
brewery_disturbance(22504:23076)=110;
brewery_disturbance(23077:23364)=62;
brewery_disturbance(23365:26616)=0;
brewery_disturbance(26617:26607)=60;
brewery_disturbance(26608:27468)=190;
brewery_disturbance(27468:27756)=187;
brewery_disturbance(27757:28044)=147;
brewery_disturbance(28045:29556)=110;
brewery_disturbance(29557:29844)=91;
brewery_disturbance(29845:32400)=0;
brewery_disturbance(32401:32724)=95;
brewery_disturbance(32725:33552)=195;
brewery_disturbance(33553:33876)=122;
brewery_disturbance(33877:34167)=110;
brewery_disturbance(34168:34452)=20;
brewery_disturbance(34453:36396)=0;
brewery_disturbance(36397:36687)=98;
brewery_disturbance(36688:36972)=203;
brewery_disturbance(36973:37550)=195;
brewery_disturbance(37551:38412)=120;
brewery_disturbance(38413:38700)=52;
brewery_disturbance(38701:40356)=0;
brewery_disturbance(40357:40645)=10;
brewery_disturbance(40646:40968)=165;
brewery_disturbance(40969:41832)=200;
brewery_disturbance(41833:42696)=195;
brewery_disturbance(42697:42984)=180;
brewery_disturbance(42985:43200)=152;












